UNITS MM,10000;
EDIT proj;
ADD P1 :W0.000000  0.6000,0.0000 -0.8000,0.0000 -0.8000,-1.5500 0.8000,-1.5500 0.8000,-0.7750 0.6000,-0.7750;
ADD P1 :W0.000000  -0.6000,5.6000 -0.6000,0.0000 0.6000,0.0000 0.6000,5.6000;
ADD P1 :W0.000000  -53.7823,-1.5500 -0.8000,-1.5500 -0.8000,0.0000 -53.7823,0.0000;
ADD P1 :W0.000000  -53.7823,-5.5284 -0.8000,-5.5284 -0.8000,-3.9784 -53.7823,-3.9784;
ADD P1 :W0.000000  -53.7823,-9.5069 -0.8000,-9.5069 -0.8000,-7.9569 -53.7823,-7.9569;
ADD P1 :W0.000000  -54.5500,-1.5500 -53.7823,-1.5500 -53.7823,0.0000 -54.5500,0.0000;
ADD P1 :W0.000000  -56.1500,0.0000 -56.1500,-1.5500 -54.5500,-1.5500 -54.5500,0.0000;
ADD P1 :W0.000000  -107.2788,-1.5500 -56.1500,-1.5500 -56.1500,0.0000 -107.2788,0.0000;
ADD P1 :W0.000000  -107.2788,-5.5284 -56.1500,-5.5284 -56.1500,-3.9784 -107.2788,-3.9784;
ADD P1 :W0.000000  -107.2788,-9.5069 -56.1500,-9.5069 -56.1500,-7.9569 -107.2788,-7.9569;
ADD P1 :W0.000000  -107.2788,-1.5500 -107.2788,0.0000 -107.9208,0.0000 -108.3748,-0.4540;
ADD P1 :W0.000000  -109.1323,-3.4036 -110.2284,-2.3075 -108.3748,-0.4539 -107.2787,-1.5500;
ADD P1 :W0.000000  -109.1323,-3.4035 -110.2283,-2.3075 -110.6823,-2.7615 -110.6823,-3.4035;
ADD P1 :W0.000000  -110.6823,-3.4035 -110.6823,-6.1035 -109.1323,-6.1035 -109.1323,-3.4035;
ADD P1 :W0.000000  -109.1323,-6.1035 -110.6823,-6.1035 -110.6823,-6.7455 -110.2283,-7.1995;
ADD P1 :W0.000000  -110.2284,-7.1995 -109.1323,-6.1034 -107.2787,-7.9570 -108.3748,-9.0531;
ADD P1 :W0.000000  -107.2788,-7.9570 -108.3748,-9.0530 -107.9208,-9.5070 -107.2788,-9.5070;
ADD P1 :W0.000000  -109.1323,-5.5285 -107.2789,-5.5285 -107.2789,-3.9785 -109.1323,-3.9785;
ADD P1 :W0.000000  -162.9323,-6.1035 -110.6823,-6.1035 -110.6823,-3.4035 -162.9323,-3.4035;
ADD P1 :W0.000000  -54.5500,-9.5069 -54.5500,-7.9569 -56.1500,-7.9569 -56.1500,-9.5069;
ADD P1 :W0.000000  -54.5500,-9.5069 -53.7823,-9.5069 -53.7823,-7.9569 -54.5500,-7.9569;
ADD P1 :W0.000000  -56.1500,-5.5284 -55.3823,-5.5284 -55.3823,-3.9784 -56.1500,-3.9784;
ADD P1 :W0.000000  -55.3823,-3.9784 -55.3823,-5.5284 -53.7823,-5.5284 -53.7823,-3.9784;
ADD P1 :W0.000000  0.8000,-7.9569 -0.8000,-7.9569 -0.8000,-9.5069 0.6000,-9.5069 0.6000,-8.7319 0.8000,-8.7319;
ADD P1 :W0.000000  -0.6000,-9.5069 -0.6000,-15.1069 0.6000,-15.1069 0.6000,-9.5069;
ADD P1 :W0.000000  -0.8000,-5.5284 -0.0323,-5.5284 -0.0323,-3.9784 -0.8000,-3.9784;
ADD P1 :W0.000000  -0.0323,-3.9784 -0.0323,-5.5284 1.5677,-5.5284 1.5677,-3.9784;
ADD P1 :W0.000000  7.1677,-4.1534 1.5677,-4.1534 1.5677,-5.3534 7.1677,-5.3534;
ADD P1 :W0.000000  -168.5323,-5.3535 -162.9323,-5.3535 -162.9323,-4.1535 -168.5323,-4.1535;
SAVE;
